%YAML:1.0
# General sensor definitions.
camera_id: left_cam

# Sensor extrinsics wrt. the body-frame.
T_BS:
  cols: 4
  rows: 4
  data: [1.0, 0.0, 0.0, 0.0,
         0.0, 1.0, 0.0, 0.0,
         0.0, 0.0, 1.0, 0.0,
         0.0, 0.0, 0.0, 1.0]
  # data: [0.0, -1.0, 0.0, 0.0,
  #        1.0, 0.0, 0.0, 0.0,
  #        0.0, 0.0, 1.0, 0.0,
  #        0.0, 0.0, 0.0, 1.0]

# Camera specific definitions.
rate_hz: 0.1
resolution: [1920, 1080]
camera_model: pinhole
# focal length (pixels) = focal length (mm) * sensor width (pixels) / sensor width (mm)
# 4266.66666667 = 80 * 1920 / 36
# 4266.66666667 = 80 * 1080 / 20.25
intrinsics: [4266.66666667, 4266.66666667, 960.0, 540.0] #fu, fv, cu, cv
distortion_model: radial-tangential
distortion_coefficients: [0.0, 0.0, 0.0, 0.0] #[-0.28340811, 0.07395907, 0.00019359, 1.76187114e-05]

# rate_hz: 0.1
# resolution: [1920, 1080]
# camera_model: pinhole
# # focal length (pixels) = focal length (mm) * sensor width (pixels) / sensor width (mm)
# # 4329.375 = 23.09 * 1920 / 10.24
# # 4329.375 = 23.09 * 1080 / 5.76
# intrinsics: [4329.375, 4329.375, 960.0, 540.0] #fu, fv, cu, cv
# distortion_model: radial-tangential
# distortion_coefficients: [0.0, 0.0, 0.0, 0.0] #[-0.28340811, 0.07395907, 0.00019359, 1.76187114e-05]

# rate_hz: 0.1
# resolution: [1024, 1024]
# camera_model: pinhole
# # focal length (pixels) = focal length (mm) * sensor width (pixels) / sensor width (mm)
# # 2309 = 23.09 * 1024 / 10.24
# # 2309 = 23.09 * 1024 / 10.24
# intrinsics: [2309.0, 2309.0, 512.0, 512.0] #fu, fv, cu, cv
# distortion_model: radial-tangential
# distortion_coefficients: [0.0, 0.0, 0.0, 0.0] #[-0.28340811, 0.07395907, 0.00019359, 1.76187114e-05]
