%YAML:1.0
# General sensor definitions.
camera_id: left_cam

# Sensor extrinsics wrt. the body-frame.
T_BS:
  cols: 4
  rows: 4
  data: [1.0, 0.0, 0.0, 0.0,
         0.0, 1.0, 0.0, 0.0,
         0.0, 0.0, 1.0, 0.0,
         0.0, 0.0, 0.0, 1.0]

# Camera specific definitions.
rate_hz: 0.1
resolution: [2464, 2056]
camera_model: pinhole
# focal length (pixels) = focal length (mm) * sensor width (pixels) / sensor width (mm)
# 4636.04 = 23.09 * 2464 / 12.27
# 4636.04 = 23.09 * 2056 / 10.24
intrinsics: [4636.04, 4636.04, 1232.0, 1028.0] #fu, fv, cu, cv
distortion_model: radial-tangential
distortion_coefficients: [0.0, 0.0, 0.0, 0.0] #[-0.28340811, 0.07395907, 0.00019359, 1.76187114e-05]

