%YAML:1.0
# General sensor definitions.
camera_id: left_cam

# Sensor extrinsics wrt. the body-frame.
T_BS:
  cols: 4
  rows: 4
  data: [1.0, 0.0, 0.0, 0.0,
         0.0, 1.0, 0.0, 0.0,
         0.0, 0.0, 1.0, 0.0,
         0.0, 0.0, 0.0, 1.0]

# Camera specific definitions.
rate_hz: 0.1
resolution: [640, 512]
camera_model: pinhole
# focal length (pixels) = focal length (mm) * sensor width (pixels) / sensor width (mm)
# 1443.125 = 23.09 * 640 / 10.24
# 1464.942 = 23.09 * 512 / 8.07
intrinsics: [1443.125, 1464.942, 320.0, 256.0] #fu, fv, cu, cv
distortion_model: radial-tangential
distortion_coefficients: [0.0, 0.0, 0.0, 0.0] #[-0.28340811, 0.07395907, 0.00019359, 1.76187114e-05]

